2 2000 250
3 2000 250
6 2000 250
2 2667 250
3 2667 250
6 2667 250
1 3000 250
3 3000 250
6 3000 250
1 3333 250
2 3333 250
6 3333 250
1 4000 250
2 4000 250
6 4000 250
1 4333 250
2 4333 250
6 4333 250
1 4667 250
3 4667 250
6 4667 250
1 5333 250
3 5333 250
6 5333 250
1 5667 250
3 5667 250
6 5667 250
1 6000 250
3 6000 250
6 6000 250
1 6667 250
2 6667 250
6 6667 250
1 7000 250
2 7000 250
6 7000 250
2 7167 1738
2 7333 250
3 7333 250
6 7333 250
2 8000 250
3 8000 250
6 8000 250
1 8333 250
3 8333 250
6 8333 250
1 8667 250
2 8667 250
6 8667 250
1 9333 250
2 9333 250
6 9333 250
1 9667 250
2 9667 250
6 9667 250
1 10000 250
3 10000 250
6 10000 250
1 10667 250
3 10667 250
6 10667 250
1 11000 250
3 11000 250
6 11000 250
1 11333 250
3 11333 250
6 11333 250
1 12000 250
2 12000 250
6 12000 250
1 12333 250
2 12333 250
6 12333 250
2 12667 250
3 12667 250
6 12667 250
2 13333 250
3 13333 250
6 13333 250
1 13667 250
3 13667 250
6 13667 250
1 14000 250
2 14000 250
6 14000 250
1 14667 250
2 14667 250
6 14667 250
1 15000 250
2 15000 250
6 15000 250
1 15333 250
3 15333 250
6 15333 250
1 16000 250
3 16000 250
6 16000 250
1 16333 250
3 16333 250
6 16333 250
1 16667 250
3 16667 250
6 16667 250
1 17333 250
2 17333 250
6 17333 250
1 17667 250
2 17667 250
6 17667 250
2 18000 250
3 18000 250
6 18000 250
2 18667 250
3 18667 250
6 18667 250
1 19000 250
3 19000 250
6 19000 250
1 19333 250
2 19333 250
6 19333 250
1 20000 250
2 20000 250
6 20000 250
1 20333 250
2 20333 250
6 20333 250
1 20667 250
3 20667 250
6 20667 250
1 21333 250
3 21333 250
6 21333 250
1 21667 250
3 21667 250
6 21667 250
1 22000 250
3 22000 250
6 22000 250
1 22667 250
2 22667 250
6 22667 250
1 23000 250
2 23000 250
6 23000 250
2 23167 1738
2 23333 250
3 23333 250
6 23333 250
2 24000 250
3 24000 250
6 24000 250
1 24333 250
3 24333 250
6 24333 250
1 24667 250
2 24667 250
6 24667 250
1 25333 250
2 25333 250
6 25333 250
1 25667 250
2 25667 250
6 25667 250
1 26000 250
3 26000 250
6 26000 250
1 26667 250
3 26667 250
6 26667 250
1 27000 250
3 27000 250
6 27000 250
1 27333 250
3 27333 250
6 27333 250
1 28000 250
2 28000 250
6 28000 250
1 28333 250
2 28333 250
6 28333 250
2 28667 250
3 28667 250
6 28667 250
2 29333 250
3 29333 250
6 29333 250
1 29667 250
3 29667 250
6 29667 250
1 30000 250
2 30000 250
6 30000 250
1 30667 250
2 30667 250
6 30667 250
1 31000 250
2 31000 250
6 31000 250
1 31333 250
3 31333 250
6 31333 250
1 32000 250
3 32000 250
6 32000 250
1 32333 250
3 32333 250
6 32333 250
1 32667 250
3 32667 250
6 32667 250
1 33333 250
2 33333 250
6 33333 250
1 33667 250
2 33667 250
6 33667 250
2 34000 250
3 34000 250
6 34000 250
2 34667 250
3 34667 250
6 34667 250
1 35000 250
3 35000 250
6 35000 250
1 35333 250
2 35333 250
6 35333 250
1 36000 250
2 36000 250
6 36000 250
1 36333 250
2 36333 250
6 36333 250
1 36667 250
3 36667 250
6 36667 250
1 37333 250
3 37333 250
6 37333 250
1 37667 250
3 37667 250
6 37667 250
1 38000 250
3 38000 250
6 38000 250
1 38667 250
2 38667 250
6 38667 250
1 39000 250
2 39000 250
6 39000 250
2 39167 1738
2 39333 250
3 39333 250
6 39333 250
2 40000 250
3 40000 250
6 40000 250
1 40333 250
3 40333 250
6 40333 250
1 40667 250
2 40667 250
6 40667 250
1 41333 250
2 41333 250
6 41333 250
1 41667 250
2 41667 250
6 41667 250
1 42000 250
3 42000 250
6 42000 250
1 42667 250
3 42667 250
6 42667 250
1 43000 250
3 43000 250
6 43000 250
1 43333 250
3 43333 250
6 43333 250
1 44000 250
2 44000 250
6 44000 250
1 44333 250
2 44333 250
6 44333 250
2 44667 250
3 44667 250
6 44667 250
2 45333 250
3 45333 250
6 45333 250
1 45667 250
3 45667 250
6 45667 250
1 46000 250
2 46000 250
6 46000 250
1 46667 250
2 46667 250
6 46667 250
1 47000 250
2 47000 250
6 47000 250
1 47333 250
3 47333 250
6 47333 250
1 48000 250
3 48000 250
6 48000 250
1 48333 250
3 48333 250
6 48333 250
1 48667 250
3 48667 250
6 48667 250
1 49333 250
2 49333 250
6 49333 250
1 49667 250
2 49667 250
6 49667 250
2 50000 250
3 50000 250
6 50000 250
2 50667 250
3 50667 250
6 50667 250
1 51000 250
3 51000 250
6 51000 250
1 51333 250
2 51333 250
6 51333 250
1 52000 250
2 52000 250
6 52000 250
1 52333 250
2 52333 250
6 52333 250
1 52667 250
3 52667 250
6 52667 250
1 53333 250
3 53333 250
6 53333 250
1 53667 250
3 53667 250
6 53667 250
1 54000 250
3 54000 250
6 54000 250
1 54667 250
2 54667 250
6 54667 250
1 55000 250
2 55000 250
6 55000 250
2 55333 780
2 55333 1786
1 56333 396
0 56667 250
3 58000 780
2 59000 396
1 59333 250
2 60667 780
1 61667 396
0 62000 250
0 63333 588
2 63333 588
0 64000 588
1 64000 588
0 64667 588
2 64667 588
0 65333 588
1 65333 588
2 66000 780
1 67000 396
0 67333 250
3 68667 780
2 69667 396
1 70000 250
2 71333 780
1 72333 396
0 72667 250
0 74000 588
2 74000 588
2 74000 1786
0 74667 588
1 74667 588
0 75333 588
2 75333 588
0 76000 588
1 76000 588
1 76667 250
3 76667 250
1 77000 250
3 77000 250
1 77667 250
3 77667 250
1 78000 588
3 78000 588
1 78667 588
3 78667 588
1 79333 250
2 79333 250
1 79667 250
2 79667 250
1 80333 250
2 80333 250
1 80667 588
2 80667 588
1 81333 588
2 81333 588
1 82000 250
3 82000 250
1 82333 250
3 82333 250
1 83000 250
3 83000 250
1 83333 588
3 83333 588
1 84000 588
3 84000 588
1 84667 250
2 84667 250
1 85000 250
2 85000 250
1 85667 250
2 85667 250
1 86000 588
2 86000 588
1 86667 588
2 86667 588
1 87333 250
3 87333 250
1 87667 250
3 87667 250
1 88333 250
3 88333 250
1 88667 588
3 88667 588
1 89333 588
3 89333 588
1 90000 250
2 90000 250
2 90000 1685
1 90333 250
2 90333 250
1 91000 250
2 91000 250
1 91333 588
2 91333 588
1 92000 588
2 92000 588
1 92667 250
3 92667 250
1 93000 250
3 93000 250
1 93667 250
3 93667 250
1 94000 588
3 94000 588
1 94667 588
3 94667 588
1 95333 250
2 95333 250
1 95667 250
2 95667 250
1 96333 250
2 96333 250
1 96667 588
2 96667 588
1 97333 588
2 97333 588
2 98000 250
3 98000 250
6 98000 250
2 98667 250
3 98667 250
6 98667 250
1 99000 250
3 99000 250
6 99000 250
1 99333 250
2 99333 250
6 99333 250
1 100000 250
2 100000 250
6 100000 250
1 100333 250
2 100333 250
6 100333 250
1 100667 250
3 100667 250
6 100667 250
1 101333 250
3 101333 250
6 101333 250
1 101667 250
3 101667 250
6 101667 250
1 102000 250
3 102000 250
6 102000 250
1 102667 250
2 102667 250
6 102667 250
1 103000 250
2 103000 250
6 103000 250
2 103333 250
3 103333 250
6 103333 250
2 104000 250
3 104000 250
6 104000 250
1 104333 250
3 104333 250
6 104333 250
1 104667 250
2 104667 250
6 104667 250
1 105333 250
2 105333 250
6 105333 250
1 105667 250
2 105667 250
6 105667 250
1 106000 250
3 106000 250
6 106000 250
1 106667 250
3 106667 250
6 106667 250
1 107000 250
3 107000 250
6 107000 250
1 107333 250
3 107333 250
6 107333 250
1 108000 250
2 108000 250
6 108000 250
1 108333 250
2 108333 250
6 108333 250
2 108500 1786
2 108667 250
3 108667 250
6 108667 250
2 109333 250
3 109333 250
6 109333 250
1 109667 250
3 109667 250
6 109667 250
1 110000 250
2 110000 250
6 110000 250
1 110667 250
2 110667 250
6 110667 250
1 111000 250
2 111000 250
6 111000 250
1 111333 250
3 111333 250
6 111333 250
1 112000 250
3 112000 250
6 112000 250
1 112333 250
3 112333 250
6 112333 250
1 112667 250
3 112667 250
6 112667 250
1 113333 250
2 113333 250
6 113333 250
1 113667 250
2 113667 250
6 113667 250
2 114000 250
3 114000 250
6 114000 250
2 114667 250
3 114667 250
6 114667 250
1 115000 250
3 115000 250
6 115000 250
1 115333 250
2 115333 250
6 115333 250
1 116000 250
2 116000 250
6 116000 250
1 116333 250
2 116333 250
6 116333 250
1 116667 250
3 116667 250
6 116667 250
1 117333 250
3 117333 250
6 117333 250
1 117667 250
3 117667 250
6 117667 250
1 118000 250
3 118000 250
6 118000 250
1 118667 250
2 118667 250
6 118667 250
1 119000 250
2 119000 250
6 119000 250
2 119333 250
3 119333 250
6 119333 250
2 120000 250
3 120000 250
6 120000 250
1 120333 250
3 120333 250
6 120333 250
1 120667 250
2 120667 250
6 120667 250
1 121333 250
2 121333 250
6 121333 250
1 121667 250
2 121667 250
6 121667 250
1 122000 250
3 122000 250
6 122000 250
1 122667 250
3 122667 250
6 122667 250
1 123000 250
3 123000 250
6 123000 250
1 123333 250
3 123333 250
6 123333 250
1 124000 250
2 124000 250
6 124000 250
1 124333 250
2 124333 250
6 124333 250
2 124500 1786
2 124667 250
3 124667 250
6 124667 250
2 125333 250
3 125333 250
6 125333 250
1 125667 250
3 125667 250
6 125667 250
1 126000 250
2 126000 250
6 126000 250
1 126667 250
2 126667 250
6 126667 250
1 127000 250
2 127000 250
6 127000 250
1 127333 250
3 127333 250
6 127333 250
1 128000 250
3 128000 250
6 128000 250
1 128333 250
3 128333 250
6 128333 250
1 128667 250
3 128667 250
6 128667 250
1 129333 250
2 129333 250
6 129333 250
1 129667 250
2 129667 250
6 129667 250
2 130000 780
1 131000 396
0 131333 250
3 132667 780
2 133667 396
1 134000 250
2 135333 780
1 136333 396
0 136667 250
0 138000 588
2 138000 588
0 138667 588
1 138667 588
0 139333 588
2 139333 588
0 140000 588
1 140000 588
1 140667 250
3 140667 250
2 140667 1786
1 141000 250
3 141000 250
1 141667 250
3 141667 250
1 142000 588
3 142000 588
1 142667 588
3 142667 588
1 143333 250
2 143333 250
1 143667 250
2 143667 250
1 144333 250
2 144333 250
1 144667 588
2 144667 588
1 145333 588
2 145333 588
1 146000 250
3 146000 250
1 146333 250
3 146333 250
1 147000 250
3 147000 250
1 147333 588
3 147333 588
1 148000 588
3 148000 588
1 148667 250
2 148667 250
1 149000 250
2 149000 250
1 149667 250
2 149667 250
1 150000 588
2 150000 588
1 150667 588
2 150667 588
1 151333 250
3 151333 250
1 151667 250
3 151667 250
1 152333 250
3 152333 250
1 152667 588
3 152667 588
1 153333 588
3 153333 588
1 154000 250
2 154000 250
1 154333 250
2 154333 250
1 155000 250
2 155000 250
1 155333 588
2 155333 588
1 156000 588
2 156000 588
1 156667 250
3 156667 250
2 156667 1786
1 157000 250
3 157000 250
1 157667 250
3 157667 250
1 158000 588
3 158000 588
1 158667 588
3 158667 588
1 159333 250
2 159333 250
1 159667 250
2 159667 250
1 160333 250
2 160333 250
1 160667 588
2 160667 588
1 161333 588
2 161333 588
2 162000 780
3 162000 780
6 162000 250
1 163000 250
3 163000 250
6 163000 250
1 163333 780
2 163333 780
6 163333 250
2 164333 250
3 164333 250
6 164333 250
1 164667 972
3 164667 972
6 164667 250
1 166000 250
3 166000 250
6 166000 250
1 166667 250
2 166667 250
6 166667 250
0 167333 972
2 167333 972
6 167333 250
0 168667 780
1 168667 780
6 168667 250
1 169667 250
2 169667 250
6 169667 250
0 170000 780
2 170000 780
6 170000 250
0 171000 250
6 171000 250
2 171000 1594
2 171333 250
6 171333 250
1 171667 250
6 171667 250
0 172000 250
6 172000 250
1 172333 250
6 172333 250
2 172667 780
3 172667 780
6 172667 250
1 173667 250
3 173667 250
6 173667 250
1 174000 780
2 174000 780
6 174000 250
2 175000 250
3 175000 250
6 175000 250
1 175333 972
3 175333 972
6 175333 250
1 176667 250
3 176667 250
6 176667 250
1 177333 250
2 177333 250
6 177333 250
0 178000 972
2 178000 972
6 178000 250
0 179333 780
1 179333 780
6 179333 250
1 180333 250
2 180333 250
6 180333 250
0 180667 1402
2 180667 1402
6 180667 250
1 183333 250
0 183667 250
1 184000 780
3 185000 250
2 185333 780
0 186333 250
1 186667 780
3 187667 250
2 188000 588
1 188667 250
2 188667 1685
0 189000 250
1 189333 780
3 190333 250
2 190667 780
1 191667 250
2 192167 250
3 192667 250
0 193167 492
1 193667 250
1 194000 250
0 194333 250
1 194667 780
3 195667 250
2 196000 780
0 197000 250
1 197333 780
3 198333 250
2 198667 588
1 199333 250
0 199667 250
1 200000 780
3 201000 250
2 201333 780
1 202333 250
2 202833 250
3 203333 250
0 203833 492
1 204333 250
1 204667 972
2 204667 972
6 204667 250
1 206000 972
3 206000 972
6 206000 250
2 207333 1356
3 207333 1356
6 207333 250
0 209333 588
2 209333 588
6 209333 250
1 210000 972
2 210000 972
6 210000 250
1 211333 972
3 211333 972
6 211333 250
2 212667 1356
3 212667 1356
6 212667 250
3 214667 250
6 214667 250
2 214889 250
6 214889 250
1 215111 250
6 215111 250
2 215333 250
6 215333 250
