1 2808 634
3 2808 634
4 2808 634
2 4029 250
0 4203 634
1 4378 250
2 4552 250
4 4726 250
4 5075 250
6 5075 250
2 5250 250
6 5250 250
1 5424 250
6 5424 250
2 5599 538
3 5599 538
4 5599 538
2 6819 250
7 6994 634
1 7168 250
2 7343 250
3 7517 250
3 7866 250
6 7866 250
2 8040 250
6 8040 250
1 8215 250
6 8215 250
1 8389 634
3 8389 634
4 8389 634
2 9610 250
0 9785 634
1 9959 250
2 10133 250
4 10308 250
4 10657 250
6 10657 250
2 10831 250
6 10831 250
1 11005 250
6 11005 250
2 11180 538
3 11180 538
4 11180 538
2 12401 250
7 12575 634
1 12750 250
2 12924 250
3 13099 250
3 13447 250
6 13447 250
2 13622 250
6 13622 250
1 13796 250
6 13796 250
1 13971 634
3 13971 634
4 13971 634
2 15192 250
0 15366 634
1 15540 250
2 15715 250
4 15889 250
4 16238 250
6 16238 250
2 16412 250
6 16412 250
1 16587 250
6 16587 250
2 16761 538
3 16761 538
4 16761 538
2 16761 1786
2 17982 250
7 18157 634
1 18331 250
2 18505 250
3 18680 250
3 19029 250
6 19029 250
2 19203 250
6 19203 250
1 19378 250
6 19378 250
1 19552 634
3 19552 634
4 19552 634
2 20773 250
0 20947 634
1 21122 250
2 21296 250
4 21471 250
4 21819 250
6 21819 250
2 21994 250
6 21994 250
1 22168 250
6 22168 250
2 22343 538
3 22343 538
4 22343 538
2 23564 250
7 23738 634
1 23912 250
2 24087 250
3 24261 250
3 24610 250
6 24610 250
2 24785 250
6 24785 250
1 24959 250
6 24959 250
1 25133 634
3 25133 634
4 25133 634
2 26354 250
0 26529 634
1 26703 250
2 26878 250
4 27052 250
4 27401 250
6 27401 250
2 27575 250
6 27575 250
1 27750 250
6 27750 250
2 27924 538
3 27924 538
4 27924 538
2 29145 250
7 29319 634
1 29494 250
2 29668 250
3 29843 250
3 30192 250
6 30192 250
2 30366 250
6 30366 250
1 30540 250
6 30540 250
1 30715 634
3 30715 634
4 30715 634
2 31936 250
0 32110 634
1 32285 250
2 32459 250
4 32633 250
4 32982 250
6 32982 250
2 33157 250
6 33157 250
1 33331 250
6 33331 250
2 33505 538
3 33505 538
4 33505 538
2 33505 1786
2 34726 250
7 34901 634
1 35075 250
2 35250 250
3 35424 250
3 35773 250
6 35773 250
2 35947 250
6 35947 250
1 36122 250
6 36122 250
1 36296 634
3 36296 634
4 36296 634
2 37517 250
0 37692 634
1 37866 250
2 38040 250
4 38215 250
4 38564 250
6 38564 250
2 38738 250
6 38738 250
1 38912 250
6 38912 250
2 39087 538
3 39087 538
4 39087 538
2 40308 250
7 40482 634
1 40657 250
2 40831 250
3 41005 250
3 41354 250
6 41354 250
2 41529 250
6 41529 250
1 41703 250
6 41703 250
1 41878 403
3 41878 403
4 41878 403
1 42226 442
3 42226 442
4 42226 442
0 43099 250
0 43273 403
2 43273 403
3 43273 403
0 43622 442
2 43622 442
3 43622 442
2 44494 250
2 44668 403
3 44668 403
4 44668 403
2 45017 442
3 45017 442
4 45017 442
0 45889 250
0 46064 403
1 46064 403
3 46064 403
0 46412 250
0 46587 250
0 46761 403
1 46761 403
2 46761 403
1 47110 250
1 47285 250
1 47459 403
3 47459 403
4 47459 403
1 47808 442
3 47808 442
4 47808 442
0 48680 250
0 48854 403
2 48854 403
3 48854 403
0 49203 442
2 49203 442
3 49203 442
2 50075 250
2 50075 1882
2 50250 403
3 50250 403
4 50250 403
2 50599 442
3 50599 442
4 50599 442
0 51471 250
0 51645 403
1 51645 403
3 51645 403
0 51994 250
0 52168 250
0 52343 403
1 52343 403
2 52343 403
1 52692 250
1 52866 250
1 53040 403
3 53040 403
4 53040 403
1 53389 442
3 53389 442
4 53389 442
0 54261 250
0 54436 403
2 54436 403
3 54436 403
0 54785 442
2 54785 442
3 54785 442
2 55482 250
2 55657 250
2 55831 403
3 55831 403
4 55831 403
2 56180 442
3 56180 442
4 56180 442
0 57052 250
0 57226 403
1 57226 403
3 57226 403
0 57575 250
0 57750 250
0 57924 403
1 57924 403
2 57924 403
1 58273 250
1 58447 250
1 58622 403
3 58622 403
4 58622 403
1 58971 442
3 58971 442
4 58971 442
0 59843 250
0 60017 403
2 60017 403
3 60017 403
0 60366 442
2 60366 442
3 60366 442
2 61238 250
2 61412 403
3 61412 403
4 61412 403
2 61761 442
3 61761 442
4 61761 442
2 62633 250
2 62808 403
3 62808 403
4 62808 403
7 63157 250
7 63331 250
1 64203 634
3 64203 634
4 64203 634
2 65424 250
2 65424 1162
0 65599 634
1 65773 250
2 65947 250
4 66122 250
4 66471 250
6 66471 250
2 66645 250
6 66645 250
1 66819 250
6 66819 250
2 66994 538
3 66994 538
4 66994 538
2 68215 250
7 68389 634
1 68564 250
2 68738 250
3 68912 250
3 69261 250
6 69261 250
2 69436 250
6 69436 250
1 69610 250
6 69610 250
1 69785 634
3 69785 634
4 69785 634
2 71005 250
0 71180 634
1 71354 250
2 71529 250
4 71703 250
4 72052 250
6 72052 250
2 72226 250
6 72226 250
1 72401 250
6 72401 250
2 72575 538
3 72575 538
4 72575 538
2 73796 250
7 73971 634
1 74145 250
2 74319 250
3 74494 250
3 74843 250
6 74843 250
2 75017 250
6 75017 250
1 75192 250
6 75192 250
1 75366 634
3 75366 634
4 75366 634
2 76587 250
0 76761 634
1 76936 250
2 77110 250
4 77285 250
4 77633 250
6 77633 250
2 77808 250
6 77808 250
1 77982 250
6 77982 250
2 78157 538
3 78157 538
4 78157 538
2 79378 250
7 79552 634
1 79726 250
2 79901 250
3 80075 250
3 80424 250
6 80424 250
2 80599 250
6 80599 250
1 80773 250
6 80773 250
1 80947 634
3 80947 634
4 80947 634
2 82168 250
0 82343 634
1 82517 250
2 82692 250
4 82866 250
4 83215 250
6 83215 250
2 83389 250
6 83389 250
1 83564 250
6 83564 250
2 83738 538
3 83738 538
4 83738 538
2 83738 1834
2 84959 250
7 85133 634
1 85308 250
2 85482 250
3 85657 250
3 86005 250
6 86005 250
2 86180 250
6 86180 250
1 86354 250
6 86354 250
1 86529 634
3 86529 634
4 86529 634
2 87750 250
0 87924 634
1 88099 250
2 88273 250
4 88447 250
4 88796 250
6 88796 250
2 88971 250
6 88971 250
1 89145 250
6 89145 250
2 89319 538
3 89319 538
4 89319 538
2 90540 250
7 90715 634
1 90889 250
2 91064 250
3 91238 250
3 91587 250
6 91587 250
2 91761 250
6 91761 250
1 91936 250
6 91936 250
1 92110 403
3 92110 403
4 92110 403
1 92459 442
3 92459 442
4 92459 442
0 93331 250
0 93505 403
2 93505 403
3 93505 403
0 93854 442
2 93854 442
3 93854 442
2 94726 250
2 94901 403
3 94901 403
4 94901 403
2 95250 442
3 95250 442
4 95250 442
0 96122 250
0 96296 403
1 96296 403
3 96296 403
0 96645 250
0 96819 250
0 96994 403
1 96994 403
2 96994 403
1 97343 250
1 97517 250
1 97692 403
3 97692 403
4 97692 403
1 98040 442
3 98040 442
4 98040 442
0 98912 250
0 99087 403
2 99087 403
3 99087 403
0 99436 442
2 99436 442
3 99436 442
2 100308 250
2 100308 1930
2 100482 403
3 100482 403
4 100482 403
2 100831 442
3 100831 442
4 100831 442
0 101703 250
0 101878 403
1 101878 403
3 101878 403
0 102226 250
0 102401 250
0 102575 403
1 102575 403
2 102575 403
1 102924 250
1 103099 250
1 103273 403
3 103273 403
4 103273 403
1 103622 442
3 103622 442
4 103622 442
0 104494 250
0 104668 403
2 104668 403
3 104668 403
0 105017 442
2 105017 442
3 105017 442
2 105715 250
2 105889 250
2 106064 403
3 106064 403
4 106064 403
2 106412 442
3 106412 442
4 106412 442
0 107285 250
0 107459 403
1 107459 403
3 107459 403
0 107808 250
0 107982 250
0 108157 403
1 108157 403
2 108157 403
1 108505 250
1 108680 250
1 108854 403
3 108854 403
4 108854 403
1 109203 442
3 109203 442
4 109203 442
0 110075 250
0 110250 403
2 110250 403
3 110250 403
0 110599 442
2 110599 442
3 110599 442
2 111471 250
2 111645 403
3 111645 403
4 111645 403
2 111994 442
3 111994 442
4 111994 442
2 112866 250
2 113040 403
3 113040 403
4 113040 403
7 113389 250
7 113564 250
1 114436 403
3 114436 403
4 114436 403
1 114785 442
3 114785 442
4 114785 442
0 115657 250
0 115831 403
2 115831 403
3 115831 403
0 116180 442
2 116180 442
3 116180 442
2 117052 250
2 117226 403
3 117226 403
4 117226 403
2 117575 442
3 117575 442
4 117575 442
0 118447 250
0 118622 403
1 118622 403
3 118622 403
0 118971 250
0 119145 250
0 119319 403
1 119319 403
2 119319 403
1 119668 250
1 119843 250
1 120017 403
3 120017 403
4 120017 403
1 120366 442
3 120366 442
4 120366 442
0 121238 250
0 121412 403
2 121412 403
3 121412 403
0 121761 442
2 121761 442
3 121761 442
2 122633 250
2 122633 1882
2 122808 403
3 122808 403
4 122808 403
2 123157 442
3 123157 442
4 123157 442
0 124029 250
0 124203 403
1 124203 403
3 124203 403
0 124552 250
0 124726 250
0 124901 442
1 124901 442
2 124901 442
4 125599 250
4 125773 250
4 125947 250
4 126122 250
4 126296 250
4 126471 250
4 126645 250
3 126819 250
3 126994 250
3 127168 250
3 127343 250
3 127517 250
3 127692 250
3 127866 250
3 128040 250
2 128215 250
5 128215 250
0 128389 250
0 128564 250
0 128738 250
0 128912 250
0 129087 250
0 129261 250
0 129436 250
1 129610 250
1 129785 250
1 129959 250
1 130133 250
1 130308 250
1 130482 250
1 130657 250
1 130831 250
4 131005 250
5 131005 250
4 131180 250
4 131354 250
4 131529 250
4 131703 250
4 131878 250
4 132052 250
4 132226 250
3 132401 250
3 132575 250
3 132750 250
3 132924 250
3 133099 250
3 133273 250
3 133447 250
3 133622 250
2 133796 250
5 133796 250
0 133971 250
0 134145 250
0 134319 250
0 134494 250
0 134668 250
0 134843 250
0 135017 250
1 135192 250
1 135366 250
1 135540 250
1 135715 250
1 135889 250
1 136064 250
1 136238 250
1 136412 250
4 136587 250
5 136587 250
1 136761 634
3 136761 634
4 136761 634
2 137982 250
0 138157 634
1 138331 250
2 138505 250
4 138680 250
4 139029 250
6 139029 250
2 139203 250
6 139203 250
1 139378 250
6 139378 250
2 139552 538
3 139552 538
4 139552 538
2 140773 250
7 140947 634
1 141122 250
2 141296 250
3 141471 250
3 141819 250
6 141819 250
2 141994 250
6 141994 250
1 142168 250
6 142168 250
1 142343 634
3 142343 634
4 142343 634
2 142343 3370
2 143564 250
0 143738 634
1 143912 250
2 144087 250
4 144261 250
4 144610 250
6 144610 250
2 144785 250
6 144785 250
1 144959 250
6 144959 250
2 145133 250
3 145133 250
4 145133 250
3 145250 250
5 145250 250
6 145250 250
2 145366 250
5 145366 250
6 145366 250
1 145482 250
5 145482 250
6 145482 250
2 145599 250
5 145599 250
6 145599 250
1 145715 250
5 145715 250
6 145715 250
0 145831 250
5 145831 250
6 145831 250
1 147924 403
3 147924 403
4 147924 403
1 148273 442
3 148273 442
4 148273 442
0 149145 250
0 149319 403
2 149319 403
3 149319 403
0 149668 442
2 149668 442
3 149668 442
2 150540 250
2 150715 403
3 150715 403
4 150715 403
2 151064 442
3 151064 442
4 151064 442
0 151936 250
0 152110 403
1 152110 403
3 152110 403
0 152459 250
0 152633 250
0 152808 403
1 152808 403
2 152808 403
1 153157 250
1 153331 250
1 153505 403
3 153505 403
4 153505 403
1 153854 442
3 153854 442
4 153854 442
0 154726 250
0 154901 403
2 154901 403
3 154901 403
0 155250 442
2 155250 442
3 155250 442
2 156122 250
2 156296 403
3 156296 403
4 156296 403
2 156645 442
3 156645 442
4 156645 442
0 157517 250
0 157692 403
1 157692 403
3 157692 403
0 158040 250
0 158215 250
0 158389 403
1 158389 403
2 158389 403
1 158738 250
1 158912 250
1 159087 403
3 159087 403
4 159087 403
1 159436 442
3 159436 442
4 159436 442
0 160308 250
0 160482 403
2 160482 403
3 160482 403
0 160831 442
2 160831 442
3 160831 442
2 161529 250
2 161529 2026
2 161703 250
2 161878 403
3 161878 403
4 161878 403
2 162226 442
3 162226 442
4 162226 442
0 163099 250
0 163273 403
1 163273 403
3 163273 403
0 163622 250
0 163796 250
0 163971 403
1 163971 403
2 163971 403
1 164319 250
1 164494 250
1 164668 403
3 164668 403
4 164668 403
1 165017 442
3 165017 442
4 165017 442
0 165889 250
0 166064 403
2 166064 403
3 166064 403
0 166412 442
2 166412 442
3 166412 442
2 167285 250
2 167459 403
3 167459 403
4 167459 403
2 167808 442
3 167808 442
4 167808 442
3 168505 250
3 168680 250
3 168854 403
4 168854 403
2 169203 250
2 169378 250
2 169552 442
3 169552 442
4 169552 442
1 170250 403
3 170250 403
4 170250 403
1 170599 442
3 170599 442
4 170599 442
0 171471 250
0 171645 403
2 171645 403
3 171645 403
0 171994 442
2 171994 442
3 171994 442
2 172866 250
2 173040 403
3 173040 403
4 173040 403
2 173389 442
3 173389 442
4 173389 442
0 174261 250
0 174436 403
1 174436 403
3 174436 403
0 174785 250
0 174959 250
0 175133 403
1 175133 403
2 175133 403
1 175482 250
1 175657 250
1 175831 403
3 175831 403
4 175831 403
1 176180 442
3 176180 442
4 176180 442
0 177052 250
0 177226 403
2 177226 403
3 177226 403
0 177575 442
2 177575 442
3 177575 442
2 178447 250
2 178447 1930
2 178622 403
3 178622 403
4 178622 403
2 178971 442
3 178971 442
4 178971 442
0 179843 250
0 180017 403
1 180017 403
3 180017 403
0 180366 250
0 180540 250
0 180715 403
1 180715 403
2 180715 403
1 181064 250
1 181238 250
1 181412 403
3 181412 403
4 181412 403
1 181761 442
3 181761 442
4 181761 442
0 182633 250
0 182808 403
2 182808 403
3 182808 403
0 183157 442
2 183157 442
3 183157 442
2 183854 250
2 184029 250
2 184203 403
3 184203 403
4 184203 403
2 184552 442
3 184552 442
4 184552 442
0 185424 250
0 185599 403
1 185599 403
3 185599 403
0 185947 250
0 186122 250
0 186296 403
1 186296 403
2 186296 403
1 186645 250
1 186819 250
1 186994 403
3 186994 403
4 186994 403
1 187343 442
3 187343 442
4 187343 442
0 188215 250
0 188389 403
2 188389 403
3 188389 403
0 188738 442
2 188738 442
3 188738 442
2 189610 250
2 189785 403
3 189785 403
4 189785 403
2 190133 442
3 190133 442
4 190133 442
2 191005 250
2 191180 403
3 191180 403
4 191180 403
7 191529 250
7 191703 250
