1 1780 250
1 2480 250
1 2960 250
1 3480 250
1 3620 250
1 3810 250
1 4100 250
1 4400 250
1 4600 250
1 4820 250
1 5200 250
1 5580 250
1 5850 250
1 6230 250
1 6720 250
1 7190 250
1 7310 250
1 7520 250
1 7840 250
1 8140 250
1 8340 250
1 8640 250
1 8950 250
1 9270 250
1 9560 250
1 10020 250
1 10410 250
1 10910 250
1 11030 250
1 11260 250
1 11610 250
1 11880 250
1 12090 250
1 12330 250
1 12760 250
1 13010 250
1 13310 250
1 13730 250
1 14250 250
1 14630 250
1 14790 250
1 15020 250
1 15320 250
1 15620 250
1 15850 250
1 16120 250
1 16480 250
1 16750 250
1 17050 250
