3 2000 250
4 2000 250
6 2000 250
3 2333 250
4 2333 250
6 2333 250
3 2667 250
4 2667 250
6 2667 250
2 3000 250
4 3000 250
6 3000 250
2 3333 250
3 3333 250
6 3333 250
2 3667 250
3 3667 250
6 3667 250
2 4000 250
3 4000 250
6 4000 250
2 4333 250
3 4333 250
6 4333 250
2 4556 250
6 4556 250
2 4667 250
4 4667 250
6 4667 250
2 5000 250
4 5000 250
6 5000 250
2 5333 250
4 5333 250
6 5333 250
2 5667 250
4 5667 250
6 5667 250
2 6000 250
4 6000 250
6 6000 250
2 6333 250
4 6333 250
6 6333 250
2 6667 250
3 6667 250
6 6667 250
2 7000 250
3 7000 250
6 7000 250
2 7167 1738
3 7222 250
6 7222 250
3 7333 250
4 7333 250
6 7333 250
3 7667 250
4 7667 250
6 7667 250
3 8000 250
4 8000 250
6 8000 250
2 8333 250
4 8333 250
6 8333 250
2 8667 250
3 8667 250
6 8667 250
2 9000 250
3 9000 250
6 9000 250
2 9333 250
3 9333 250
6 9333 250
2 9667 250
3 9667 250
6 9667 250
2 9889 250
6 9889 250
2 10000 250
4 10000 250
6 10000 250
2 10333 250
4 10333 250
6 10333 250
2 10667 250
4 10667 250
6 10667 250
2 11000 250
4 11000 250
6 11000 250
2 11333 250
4 11333 250
6 11333 250
2 11667 250
4 11667 250
6 11667 250
2 12000 250
3 12000 250
6 12000 250
2 12333 250
3 12333 250
6 12333 250
3 12556 250
6 12556 250
3 12667 250
4 12667 250
6 12667 250
3 13000 250
4 13000 250
6 13000 250
3 13333 250
4 13333 250
6 13333 250
2 13667 250
4 13667 250
6 13667 250
2 14000 250
3 14000 250
6 14000 250
2 14333 250
3 14333 250
6 14333 250
2 14667 250
3 14667 250
6 14667 250
2 15000 250
3 15000 250
6 15000 250
2 15222 250
6 15222 250
2 15333 250
4 15333 250
6 15333 250
2 15667 250
4 15667 250
6 15667 250
2 16000 250
4 16000 250
6 16000 250
2 16333 250
4 16333 250
6 16333 250
2 16667 250
4 16667 250
6 16667 250
2 17000 250
4 17000 250
6 17000 250
2 17333 250
3 17333 250
6 17333 250
2 17667 250
3 17667 250
6 17667 250
3 17889 250
6 17889 250
3 18000 250
4 18000 250
6 18000 250
3 18333 250
4 18333 250
6 18333 250
3 18667 250
4 18667 250
6 18667 250
2 19000 250
4 19000 250
6 19000 250
2 19333 250
3 19333 250
6 19333 250
2 19667 250
3 19667 250
6 19667 250
2 20000 250
3 20000 250
6 20000 250
2 20333 250
3 20333 250
6 20333 250
2 20556 250
6 20556 250
2 20667 250
4 20667 250
6 20667 250
2 21000 250
4 21000 250
6 21000 250
2 21333 250
4 21333 250
6 21333 250
2 21667 250
4 21667 250
6 21667 250
2 22000 250
4 22000 250
6 22000 250
2 22333 250
4 22333 250
6 22333 250
2 22667 250
3 22667 250
6 22667 250
2 23000 250
3 23000 250
6 23000 250
2 23167 1738
3 23222 250
6 23222 250
3 23333 250
4 23333 250
6 23333 250
3 23667 250
4 23667 250
6 23667 250
3 24000 250
4 24000 250
6 24000 250
2 24333 250
4 24333 250
6 24333 250
2 24667 250
3 24667 250
6 24667 250
2 25000 250
3 25000 250
6 25000 250
2 25333 250
3 25333 250
6 25333 250
2 25667 250
3 25667 250
6 25667 250
2 25889 250
6 25889 250
2 26000 250
4 26000 250
6 26000 250
2 26333 250
4 26333 250
6 26333 250
2 26667 250
4 26667 250
6 26667 250
2 27000 250
4 27000 250
6 27000 250
2 27333 250
4 27333 250
6 27333 250
2 27667 250
4 27667 250
6 27667 250
2 28000 250
3 28000 250
6 28000 250
2 28333 250
3 28333 250
6 28333 250
3 28556 250
6 28556 250
3 28667 250
4 28667 250
6 28667 250
3 29000 250
4 29000 250
6 29000 250
3 29333 250
4 29333 250
6 29333 250
2 29667 250
4 29667 250
6 29667 250
2 30000 250
3 30000 250
6 30000 250
2 30333 250
3 30333 250
6 30333 250
2 30667 250
3 30667 250
6 30667 250
2 31000 250
3 31000 250
6 31000 250
2 31222 250
6 31222 250
2 31333 250
4 31333 250
6 31333 250
2 31667 250
4 31667 250
6 31667 250
2 32000 250
4 32000 250
6 32000 250
2 32333 250
4 32333 250
6 32333 250
2 32667 250
4 32667 250
6 32667 250
2 33000 250
4 33000 250
6 33000 250
2 33333 250
3 33333 250
6 33333 250
2 33667 250
3 33667 250
6 33667 250
3 33889 250
6 33889 250
3 34000 250
4 34000 250
6 34000 250
3 34333 250
4 34333 250
6 34333 250
3 34667 250
4 34667 250
6 34667 250
2 35000 250
4 35000 250
6 35000 250
2 35333 250
3 35333 250
6 35333 250
2 35667 250
3 35667 250
6 35667 250
2 36000 250
3 36000 250
6 36000 250
2 36333 250
3 36333 250
6 36333 250
2 36556 250
6 36556 250
2 36667 250
4 36667 250
6 36667 250
2 37000 250
4 37000 250
6 37000 250
2 37333 250
4 37333 250
6 37333 250
2 37667 250
4 37667 250
6 37667 250
2 38000 250
4 38000 250
6 38000 250
2 38333 250
4 38333 250
6 38333 250
2 38667 250
3 38667 250
6 38667 250
2 39000 250
3 39000 250
6 39000 250
2 39167 1738
3 39222 250
6 39222 250
3 39333 250
4 39333 250
6 39333 250
3 39667 250
4 39667 250
6 39667 250
3 40000 250
4 40000 250
6 40000 250
2 40333 250
4 40333 250
6 40333 250
2 40667 250
3 40667 250
6 40667 250
2 41000 250
3 41000 250
6 41000 250
2 41333 250
3 41333 250
6 41333 250
2 41667 250
3 41667 250
6 41667 250
2 41889 250
6 41889 250
2 42000 250
4 42000 250
6 42000 250
2 42333 250
4 42333 250
6 42333 250
2 42667 250
4 42667 250
6 42667 250
2 43000 250
4 43000 250
6 43000 250
2 43333 250
4 43333 250
6 43333 250
2 43667 250
4 43667 250
6 43667 250
2 44000 250
3 44000 250
6 44000 250
2 44333 250
3 44333 250
6 44333 250
3 44556 250
6 44556 250
3 44667 250
4 44667 250
6 44667 250
3 45000 250
4 45000 250
6 45000 250
3 45333 250
4 45333 250
6 45333 250
2 45667 250
4 45667 250
6 45667 250
2 46000 250
3 46000 250
6 46000 250
2 46333 250
3 46333 250
6 46333 250
2 46667 250
3 46667 250
6 46667 250
2 47000 250
3 47000 250
6 47000 250
2 47222 250
6 47222 250
2 47333 250
4 47333 250
6 47333 250
2 47667 250
4 47667 250
6 47667 250
2 48000 250
4 48000 250
6 48000 250
2 48333 250
4 48333 250
6 48333 250
2 48667 250
4 48667 250
6 48667 250
2 49000 250
4 49000 250
6 49000 250
2 49333 250
3 49333 250
6 49333 250
2 49667 250
3 49667 250
6 49667 250
3 49889 250
6 49889 250
3 50000 250
4 50000 250
6 50000 250
3 50333 250
4 50333 250
6 50333 250
3 50667 250
4 50667 250
6 50667 250
2 51000 250
4 51000 250
6 51000 250
2 51333 250
3 51333 250
6 51333 250
2 51667 250
3 51667 250
6 51667 250
2 52000 250
3 52000 250
6 52000 250
2 52333 250
3 52333 250
6 52333 250
2 52556 250
6 52556 250
2 52667 250
4 52667 250
6 52667 250
2 53000 250
4 53000 250
6 53000 250
2 53333 250
4 53333 250
6 53333 250
2 53667 250
4 53667 250
6 53667 250
2 54000 250
4 54000 250
6 54000 250
2 54333 250
4 54333 250
6 54333 250
2 54667 250
3 54667 250
6 54667 250
2 55000 250
3 55000 250
6 55000 250
2 55333 780
4 55333 780
2 55333 1786
2 56333 396
3 56333 396
1 56667 250
3 56667 250
3 58000 780
4 58000 780
2 59000 396
4 59000 396
2 59333 250
3 59333 250
2 60667 780
4 60667 780
2 61667 396
3 61667 396
1 62000 250
3 62000 250
0 63333 588
2 63333 588
0 64000 588
1 64000 588
0 64667 588
2 64667 588
0 65333 588
1 65333 588
2 66000 780
4 66000 780
2 67000 396
3 67000 396
1 67333 250
3 67333 250
3 68667 780
4 68667 780
2 69667 396
4 69667 396
2 70000 250
3 70000 250
2 71333 780
4 71333 780
2 72333 396
3 72333 396
1 72667 250
3 72667 250
0 74000 588
2 74000 588
2 74000 1786
0 74667 588
1 74667 588
0 75333 588
2 75333 588
0 76000 588
1 76000 588
2 76667 250
4 76667 250
2 76917 250
4 76917 250
2 77167 250
4 77167 250
2 77500 250
4 77500 250
2 77750 250
4 77750 250
2 78000 588
4 78000 588
2 78667 588
4 78667 588
1 79333 250
4 79333 250
1 79583 250
4 79583 250
1 79833 250
4 79833 250
1 80167 250
4 80167 250
1 80417 250
4 80417 250
1 80667 588
4 80667 588
1 81333 588
4 81333 588
2 82000 250
4 82000 250
2 82250 250
4 82250 250
2 82500 250
4 82500 250
2 82833 250
4 82833 250
2 83083 250
4 83083 250
2 83333 588
4 83333 588
2 84000 588
4 84000 588
1 84667 250
4 84667 250
1 84917 250
4 84917 250
1 85167 250
4 85167 250
1 85500 250
4 85500 250
1 85750 250
4 85750 250
1 86000 588
4 86000 588
1 86667 588
4 86667 588
2 87333 250
4 87333 250
2 87583 250
4 87583 250
2 87833 250
4 87833 250
2 88167 250
4 88167 250
2 88417 250
4 88417 250
2 88667 588
4 88667 588
2 89333 588
4 89333 588
1 90000 250
4 90000 250
2 90000 1685
1 90250 250
4 90250 250
1 90500 250
4 90500 250
1 90833 250
4 90833 250
1 91083 250
4 91083 250
1 91333 588
4 91333 588
1 92000 588
4 92000 588
2 92667 250
4 92667 250
2 92917 250
4 92917 250
2 93167 250
4 93167 250
2 93500 250
4 93500 250
2 93750 250
4 93750 250
2 94000 588
4 94000 588
2 94667 588
4 94667 588
1 95333 250
4 95333 250
1 95583 250
4 95583 250
1 95833 250
4 95833 250
1 96167 250
4 96167 250
1 96417 250
4 96417 250
1 96667 588
4 96667 588
1 97333 588
4 97333 588
3 98000 250
4 98000 250
6 98000 250
3 98333 250
4 98333 250
6 98333 250
3 98667 250
4 98667 250
6 98667 250
2 99000 250
4 99000 250
6 99000 250
2 99333 250
3 99333 250
6 99333 250
2 99667 250
3 99667 250
6 99667 250
2 100000 250
3 100000 250
6 100000 250
2 100333 250
3 100333 250
6 100333 250
2 100556 250
6 100556 250
2 100667 250
4 100667 250
6 100667 250
2 101000 250
4 101000 250
6 101000 250
2 101333 250
4 101333 250
6 101333 250
2 101667 250
4 101667 250
6 101667 250
2 102000 250
4 102000 250
6 102000 250
2 102333 250
4 102333 250
6 102333 250
2 102667 250
3 102667 250
6 102667 250
2 103000 250
3 103000 250
6 103000 250
3 103222 250
6 103222 250
3 103333 250
4 103333 250
6 103333 250
3 103667 250
4 103667 250
6 103667 250
3 104000 250
4 104000 250
6 104000 250
2 104333 250
4 104333 250
6 104333 250
2 104667 250
3 104667 250
6 104667 250
2 105000 250
3 105000 250
6 105000 250
2 105333 250
3 105333 250
6 105333 250
2 105667 250
3 105667 250
6 105667 250
2 105889 250
6 105889 250
2 106000 250
4 106000 250
6 106000 250
2 106333 250
4 106333 250
6 106333 250
2 106667 250
4 106667 250
6 106667 250
2 107000 250
4 107000 250
6 107000 250
2 107333 250
4 107333 250
6 107333 250
2 107667 250
4 107667 250
6 107667 250
2 108000 250
3 108000 250
6 108000 250
2 108333 250
3 108333 250
6 108333 250
2 108500 1786
3 108556 250
6 108556 250
3 108667 250
4 108667 250
6 108667 250
3 109000 250
4 109000 250
6 109000 250
3 109333 250
4 109333 250
6 109333 250
2 109667 250
4 109667 250
6 109667 250
2 110000 250
3 110000 250
6 110000 250
2 110333 250
3 110333 250
6 110333 250
2 110667 250
3 110667 250
6 110667 250
2 111000 250
3 111000 250
6 111000 250
2 111222 250
6 111222 250
2 111333 250
4 111333 250
6 111333 250
2 111667 250
4 111667 250
6 111667 250
2 112000 250
4 112000 250
6 112000 250
2 112333 250
4 112333 250
6 112333 250
2 112667 250
4 112667 250
6 112667 250
2 113000 250
4 113000 250
6 113000 250
2 113333 250
3 113333 250
6 113333 250
2 113667 250
3 113667 250
6 113667 250
3 113889 250
6 113889 250
3 114000 250
4 114000 250
6 114000 250
3 114333 250
4 114333 250
6 114333 250
3 114667 250
4 114667 250
6 114667 250
2 115000 250
4 115000 250
6 115000 250
2 115333 250
3 115333 250
6 115333 250
2 115667 250
3 115667 250
6 115667 250
2 116000 250
3 116000 250
6 116000 250
2 116333 250
3 116333 250
6 116333 250
2 116556 250
6 116556 250
2 116667 250
4 116667 250
6 116667 250
2 117000 250
4 117000 250
6 117000 250
2 117333 250
4 117333 250
6 117333 250
2 117667 250
4 117667 250
6 117667 250
2 118000 250
4 118000 250
6 118000 250
2 118333 250
4 118333 250
6 118333 250
2 118667 250
3 118667 250
6 118667 250
2 119000 250
3 119000 250
6 119000 250
3 119222 250
6 119222 250
3 119333 250
4 119333 250
6 119333 250
3 119667 250
4 119667 250
6 119667 250
3 120000 250
4 120000 250
6 120000 250
2 120333 250
4 120333 250
6 120333 250
2 120667 250
3 120667 250
6 120667 250
2 121000 250
3 121000 250
6 121000 250
2 121333 250
3 121333 250
6 121333 250
2 121667 250
3 121667 250
6 121667 250
2 121889 250
6 121889 250
2 122000 250
4 122000 250
6 122000 250
2 122333 250
4 122333 250
6 122333 250
2 122667 250
4 122667 250
6 122667 250
2 123000 250
4 123000 250
6 123000 250
2 123333 250
4 123333 250
6 123333 250
2 123667 250
4 123667 250
6 123667 250
2 124000 250
3 124000 250
6 124000 250
2 124333 250
3 124333 250
6 124333 250
2 124500 1786
3 124556 250
6 124556 250
3 124667 250
4 124667 250
6 124667 250
3 125000 250
4 125000 250
6 125000 250
3 125333 250
4 125333 250
6 125333 250
2 125667 250
4 125667 250
6 125667 250
2 126000 250
3 126000 250
6 126000 250
2 126333 250
3 126333 250
6 126333 250
2 126667 250
3 126667 250
6 126667 250
2 127000 250
3 127000 250
6 127000 250
2 127222 250
6 127222 250
2 127333 250
4 127333 250
6 127333 250
2 127667 250
4 127667 250
6 127667 250
2 128000 250
4 128000 250
6 128000 250
2 128333 250
4 128333 250
6 128333 250
2 128667 250
4 128667 250
6 128667 250
2 129000 250
4 129000 250
6 129000 250
2 129333 250
3 129333 250
6 129333 250
2 129667 250
3 129667 250
6 129667 250
2 130000 780
4 130000 780
2 131000 396
3 131000 396
1 131333 250
3 131333 250
3 132667 780
4 132667 780
2 133667 396
4 133667 396
2 134000 250
3 134000 250
2 135333 780
4 135333 780
2 136333 396
3 136333 396
1 136667 250
3 136667 250
0 138000 588
2 138000 588
0 138667 588
1 138667 588
0 139333 588
2 139333 588
0 140000 588
1 140000 588
2 140667 250
4 140667 250
2 140667 1786
2 140917 250
4 140917 250
2 141167 250
4 141167 250
2 141500 250
4 141500 250
2 141750 250
4 141750 250
2 142000 588
4 142000 588
2 142667 588
4 142667 588
1 143333 250
4 143333 250
1 143583 250
4 143583 250
1 143833 250
4 143833 250
1 144167 250
4 144167 250
1 144417 250
4 144417 250
1 144667 588
4 144667 588
1 145333 588
4 145333 588
2 146000 250
4 146000 250
2 146250 250
4 146250 250
2 146500 250
4 146500 250
2 146833 250
4 146833 250
2 147083 250
4 147083 250
2 147333 588
4 147333 588
2 148000 588
4 148000 588
1 148667 250
4 148667 250
1 148917 250
4 148917 250
1 149167 250
4 149167 250
1 149500 250
4 149500 250
1 149750 250
4 149750 250
1 150000 588
4 150000 588
1 150667 588
4 150667 588
2 151333 250
4 151333 250
2 151583 250
4 151583 250
2 151833 250
4 151833 250
2 152167 250
4 152167 250
2 152417 250
4 152417 250
2 152667 588
4 152667 588
2 153333 588
4 153333 588
1 154000 250
4 154000 250
1 154250 250
4 154250 250
1 154500 250
4 154500 250
1 154833 250
4 154833 250
1 155083 250
4 155083 250
1 155333 588
4 155333 588
1 156000 588
4 156000 588
2 156667 250
4 156667 250
2 156667 1786
2 156917 250
4 156917 250
2 157167 250
4 157167 250
2 157500 250
4 157500 250
2 157750 250
4 157750 250
2 158000 588
4 158000 588
2 158667 588
4 158667 588
1 159333 250
4 159333 250
1 159583 250
4 159583 250
1 159833 250
4 159833 250
1 160167 250
4 160167 250
1 160417 250
4 160417 250
1 160667 588
4 160667 588
1 161333 588
4 161333 588
3 162000 588
4 162000 588
6 162000 250
3 162667 250
6 162667 250
2 163000 250
4 163000 250
6 163000 250
2 163333 588
3 163333 588
6 163333 250
2 164000 250
6 164000 250
3 164333 250
4 164333 250
6 164333 250
2 164667 780
4 164667 780
6 164667 250
2 165667 250
6 165667 250
2 166000 250
4 166000 250
6 166000 250
2 166333 250
4 166333 250
6 166333 250
1 166667 250
4 166667 250
6 166667 250
1 167000 250
4 167000 250
6 167000 250
1 167333 780
3 167333 780
6 167333 250
1 168333 250
3 168333 250
6 168333 250
0 168667 588
3 168667 588
6 168667 250
0 169333 250
6 169333 250
2 169667 250
3 169667 250
6 169667 250
1 170000 780
3 170000 780
6 170000 250
0 171000 250
6 171000 250
2 171000 1594
1 171222 250
6 171222 250
2 171333 250
6 171333 250
1 171667 250
6 171667 250
0 172000 250
6 172000 250
1 172333 250
6 172333 250
3 172667 588
4 172667 588
6 172667 250
3 173333 250
6 173333 250
2 173667 250
4 173667 250
6 173667 250
2 174000 588
3 174000 588
6 174000 250
2 174667 250
6 174667 250
3 175000 250
4 175000 250
6 175000 250
2 175333 780
4 175333 780
6 175333 250
2 176333 250
6 176333 250
2 176667 250
4 176667 250
6 176667 250
2 177000 250
4 177000 250
6 177000 250
1 177333 250
4 177333 250
6 177333 250
1 177667 250
4 177667 250
6 177667 250
1 178000 780
3 178000 780
6 178000 250
1 179000 250
3 179000 250
6 179000 250
0 179333 588
3 179333 588
6 179333 250
0 180000 250
6 180000 250
2 180333 250
3 180333 250
6 180333 250
1 180667 1402
3 180667 1402
6 180667 250
2 183333 250
0 183667 250
2 184000 396
2 184333 588
4 185000 250
3 185333 396
3 185667 588
0 186333 250
2 186667 396
2 187000 588
4 187667 250
3 188000 396
3 188333 396
2 188667 250
2 188667 1685
0 189000 250
2 189333 396
2 189667 588
4 190333 250
3 190667 396
3 191000 588
2 191667 250
3 192167 250
4 192667 250
1 193167 492
2 193667 250
2 194000 250
0 194333 250
2 194667 396
2 195000 588
4 195667 250
3 196000 396
3 196333 588
0 197000 250
2 197333 396
2 197667 588
4 198333 250
3 198667 396
3 199000 396
2 199333 250
0 199667 250
2 200000 396
2 200333 588
4 201000 250
3 201333 396
3 201667 588
2 202333 250
3 202833 250
4 203333 250
1 203833 492
2 204333 250
2 204667 972
3 204667 972
6 204667 250
2 206000 972
4 206000 972
6 206000 250
3 207333 1356
4 207333 1356
6 207333 250
1 209333 588
3 209333 588
6 209333 250
2 210000 972
3 210000 972
6 210000 250
2 211333 972
4 211333 972
6 211333 250
3 212667 1356
4 212667 1356
6 212667 250
4 214667 250
6 214667 250
3 214778 250
6 214778 250
2 214889 250
6 214889 250
1 215000 250
6 215000 250
2 215111 250
6 215111 250
3 215222 250
6 215222 250
4 215333 250
6 215333 250
