2 768 250
6 768 250
2 1152 250
6 1152 250
1 1344 250
6 1344 250
0 1536 250
6 1536 250
0 1920 250
6 1920 250
0 2112 250
6 2112 250
1 2304 250
6 2304 250
1 2688 250
6 2688 250
1 2880 250
6 2880 250
1 3072 250
6 3072 250
0 3456 250
6 3456 250
0 3648 250
6 3648 250
2 3744 1738
2 3840 250
6 3840 250
2 4224 250
6 4224 250
1 4416 250
6 4416 250
0 4608 250
6 4608 250
0 4992 250
6 4992 250
0 5184 250
6 5184 250
1 5376 250
6 5376 250
1 5760 250
6 5760 250
1 5952 250
6 5952 250
1 6144 250
6 6144 250
0 6528 250
6 6528 250
0 6720 250
6 6720 250
2 6912 250
6 6912 250
2 7296 250
6 7296 250
1 7488 250
6 7488 250
0 7680 250
6 7680 250
0 8064 250
6 8064 250
0 8256 250
6 8256 250
1 8448 250
6 8448 250
1 8832 250
6 8832 250
1 9024 250
6 9024 250
1 9216 250
6 9216 250
0 9600 250
6 9600 250
0 9792 250
6 9792 250
2 9984 250
6 9984 250
2 10368 250
6 10368 250
1 10560 250
6 10560 250
0 10752 250
6 10752 250
0 11136 250
6 11136 250
0 11328 250
6 11328 250
1 11520 250
6 11520 250
1 11904 250
6 11904 250
1 12096 250
6 12096 250
1 12288 250
6 12288 250
0 12672 250
6 12672 250
0 12864 250
6 12864 250
2 12960 1738
2 13056 250
6 13056 250
2 13440 250
6 13440 250
1 13632 250
6 13632 250
0 13824 250
6 13824 250
0 14208 250
6 14208 250
0 14400 250
6 14400 250
1 14592 250
6 14592 250
1 14976 250
6 14976 250
1 15168 250
6 15168 250
1 15360 250
6 15360 250
0 15744 250
6 15744 250
0 15936 250
6 15936 250
2 16128 250
6 16128 250
2 16512 250
6 16512 250
1 16704 250
6 16704 250
0 16896 250
6 16896 250
0 17280 250
6 17280 250
0 17472 250
6 17472 250
1 17664 250
6 17664 250
1 18048 250
6 18048 250
1 18240 250
6 18240 250
1 18432 250
6 18432 250
0 18816 250
6 18816 250
0 19008 250
6 19008 250
2 19200 250
6 19200 250
2 19584 250
6 19584 250
1 19776 250
6 19776 250
0 19968 250
6 19968 250
0 20352 250
6 20352 250
0 20544 250
6 20544 250
1 20736 250
6 20736 250
1 21120 250
6 21120 250
1 21312 250
6 21312 250
1 21504 250
6 21504 250
0 21888 250
6 21888 250
0 22080 250
6 22080 250
2 22176 1738
2 22272 250
6 22272 250
2 22656 250
6 22656 250
1 22848 250
6 22848 250
0 23040 250
6 23040 250
0 23424 250
6 23424 250
0 23616 250
6 23616 250
1 23808 250
6 23808 250
1 24192 250
6 24192 250
1 24384 250
6 24384 250
1 24576 250
6 24576 250
0 24960 250
6 24960 250
0 25152 250
6 25152 250
2 25344 250
6 25344 250
2 25728 250
6 25728 250
1 25920 250
6 25920 250
0 26112 250
6 26112 250
0 26496 250
6 26496 250
0 26688 250
6 26688 250
1 26880 250
6 26880 250
1 27264 250
6 27264 250
1 27456 250
6 27456 250
1 27648 250
6 27648 250
0 28032 250
6 28032 250
0 28224 250
6 28224 250
2 28416 250
6 28416 250
2 28800 250
6 28800 250
1 28992 250
6 28992 250
0 29184 250
6 29184 250
0 29568 250
6 29568 250
0 29760 250
6 29760 250
1 29952 250
6 29952 250
1 30336 250
6 30336 250
1 30528 250
6 30528 250
1 30720 250
6 30720 250
0 31104 250
6 31104 250
0 31296 250
6 31296 250
1 31488 972
2 31488 1786
0 32256 250
2 33024 972
1 33792 250
1 34560 972
0 35328 250
2 36096 588
0 36480 588
2 36864 588
0 37248 588
1 37632 972
0 38400 250
2 39168 972
1 39936 250
1 40704 972
0 41472 250
2 42240 588
2 42240 1786
0 42624 588
2 43008 588
0 43392 588
2 43776 250
2 44032 250
2 44288 250
2 44544 588
2 44928 588
1 45312 250
1 45568 250
1 45824 250
1 46080 588
1 46464 588
2 46848 250
2 47104 250
2 47360 250
2 47616 588
2 48000 588
1 48384 250
1 48640 250
1 48896 250
1 49152 588
1 49536 588
2 49920 250
2 50176 250
2 50432 250
2 50688 588
2 51072 588
1 51456 250
2 51456 1685
1 51712 250
1 51968 250
1 52224 588
1 52608 588
2 52992 250
2 53248 250
2 53504 250
2 53760 588
2 54144 588
1 54528 250
1 54784 250
1 55040 250
1 55296 588
1 55680 588
2 56064 250
6 56064 250
2 56448 250
6 56448 250
1 56640 250
6 56640 250
0 56832 250
6 56832 250
0 57216 250
6 57216 250
0 57408 250
6 57408 250
1 57600 250
6 57600 250
1 57984 250
6 57984 250
1 58176 250
6 58176 250
1 58368 250
6 58368 250
0 58752 250
6 58752 250
0 58944 250
6 58944 250
2 59136 250
6 59136 250
2 59520 250
6 59520 250
1 59712 250
6 59712 250
0 59904 250
6 59904 250
0 60288 250
6 60288 250
0 60480 250
6 60480 250
1 60672 250
6 60672 250
1 61056 250
6 61056 250
1 61248 250
6 61248 250
1 61440 250
6 61440 250
0 61824 250
6 61824 250
0 62016 250
6 62016 250
2 62112 1786
2 62208 250
6 62208 250
2 62592 250
6 62592 250
1 62784 250
6 62784 250
0 62976 250
6 62976 250
0 63360 250
6 63360 250
0 63552 250
6 63552 250
1 63744 250
6 63744 250
1 64128 250
6 64128 250
1 64320 250
6 64320 250
1 64512 250
6 64512 250
0 64896 250
6 64896 250
0 65088 250
6 65088 250
2 65280 250
6 65280 250
2 65664 250
6 65664 250
1 65856 250
6 65856 250
0 66048 250
6 66048 250
0 66432 250
6 66432 250
0 66624 250
6 66624 250
1 66816 250
6 66816 250
1 67200 250
6 67200 250
1 67392 250
6 67392 250
1 67584 250
6 67584 250
0 67968 250
6 67968 250
0 68160 250
6 68160 250
2 68352 250
6 68352 250
2 68736 250
6 68736 250
1 68928 250
6 68928 250
0 69120 250
6 69120 250
0 69504 250
6 69504 250
0 69696 250
6 69696 250
1 69888 250
6 69888 250
1 70272 250
6 70272 250
1 70464 250
6 70464 250
1 70656 250
6 70656 250
0 71040 250
6 71040 250
0 71232 250
6 71232 250
2 71328 1786
2 71424 250
6 71424 250
2 71808 250
6 71808 250
1 72000 250
6 72000 250
0 72192 250
6 72192 250
0 72576 250
6 72576 250
0 72768 250
6 72768 250
1 72960 250
6 72960 250
1 73344 250
6 73344 250
1 73536 250
6 73536 250
1 73728 250
6 73728 250
0 74112 250
6 74112 250
0 74304 250
6 74304 250
1 74496 972
0 75264 250
2 76032 972
1 76800 250
1 77568 972
0 78336 250
2 79104 588
0 79488 588
2 79872 588
0 80256 588
2 80640 250
2 80640 1786
2 80896 250
2 81152 250
2 81408 588
2 81792 588
1 82176 250
1 82432 250
1 82688 250
1 82944 588
1 83328 588
2 83712 250
2 83968 250
2 84224 250
2 84480 588
2 84864 588
1 85248 250
1 85504 250
1 85760 250
1 86016 588
1 86400 588
2 86784 250
2 87040 250
2 87296 250
2 87552 588
2 87936 588
1 88320 250
1 88576 250
1 88832 250
1 89088 588
1 89472 588
2 89856 250
2 89856 1786
2 90112 250
2 90368 250
2 90624 588
2 91008 588
1 91392 250
1 91648 250
1 91904 250
1 92160 588
1 92544 588
2 92928 972
6 92928 250
1 93696 972
6 93696 250
2 94464 972
6 94464 250
2 95232 250
6 95232 250
1 95616 250
6 95616 250
0 96000 972
6 96000 250
1 96768 972
6 96768 250
2 97536 972
6 97536 250
2 98112 1594
2 98304 250
6 98304 250
1 98688 250
6 98688 250
2 99072 972
6 99072 250
1 99840 972
6 99840 250
2 100608 972
6 100608 250
2 101376 250
6 101376 250
1 101760 250
6 101760 250
0 102144 972
6 102144 250
1 102912 972
6 102912 250
2 103680 1402
6 103680 250
0 105216 250
0 105600 972
2 106368 972
0 107136 972
2 107904 588
0 108288 250
2 108288 1685
0 108672 972
2 109440 780
0 110016 250
1 110304 250
2 110592 250
1 110880 684
0 111360 250
0 111744 972
2 112512 972
0 113280 972
2 114048 588
0 114432 250
0 114816 972
2 115584 780
0 116160 250
1 116448 250
2 116736 250
1 117024 492
1 117312 250
0 117504 972
6 117504 250
1 118272 972
6 118272 250
2 119040 1356
6 119040 250
1 120192 588
6 120192 250
0 120576 972
6 120576 250
1 121344 972
6 121344 250
2 122112 1356
6 122112 250
1 123264 250
6 123264 250
0 123456 250
6 123456 250
1 123648 250
6 123648 250
